<TICKER>,<PER>,<DATE>,<TIME>,<OPEN>,<HIGH>,<LOW>,<CLOSE>,<VOL>,<OPENINT>
ICP,D,20120927,000000,2.2437,3.223,2.2437,3.223,17837,0
ICP,D,20120928,000000,3.8029,4.088,2.4529,3.0232,10283,0
ICP,D,20121001,000000,3.0043,3.0043,2.2437,2.2437,1951,0
ICP,D,20121002,000000,2.2437,2.567,2.2437,2.2437,9280,0
ICP,D,20121003,000000,2.2437,2.662,2.2437,2.662,721,0
ICP,D,20121004,000000,2.6144,2.6144,2.567,2.567,484,0
ICP,D,20121005,000000,2.5004,2.5004,2.4433,2.4433,346,0
ICP,D,20121008,000000,2.4433,2.4433,2.4433,2.4433,389,0
ICP,D,20121009,000000,2.3768,2.6049,2.3578,2.3578,1903,0
ICP,D,20121010,000000,2.3578,2.3578,2.3578,2.3578,111,0
ICP,D,20121011,000000,2.3578,2.3578,2.3578,2.3578,168,0
ICP,D,20121012,000000,2.3578,2.3578,2.3578,2.3578,5,0
ICP,D,20121015,000000,2.3578,2.3578,2.3578,2.3578,10,0
ICP,D,20121016,000000,2.3578,2.3578,2.3578,2.3578,5,0
ICP,D,20121017,000000,2.3578,2.3578,2.2817,2.3292,1683,0
ICP,D,20121018,000000,2.3292,2.3292,2.3292,2.3292,10,0
ICP,D,20121019,000000,2.3292,2.3292,2.3292,2.3292,10,0
ICP,D,20121022,000000,2.3292,2.4529,2.3292,2.4529,652,0
ICP,D,20121023,000000,2.5194,2.5194,2.5194,2.5194,22,0
ICP,D,20121024,000000,2.567,2.662,2.567,2.567,1025,0
ICP,D,20121025,000000,2.681,2.681,2.681,2.681,192,0
ICP,D,20121026,000000,2.662,2.662,2.6144,2.6144,421,0
ICP,D,20121030,000000,2.6144,2.6144,2.4624,2.4624,983,0
ICP,D,20121102,000000,2.4624,2.4624,2.4148,2.4148,679,0
ICP,D,20121105,000000,2.3768,2.3768,2.2913,2.2913,353,0
ICP,D,20121106,000000,2.2437,2.2437,2.2437,2.2437,105,0
ICP,D,20121107,000000,2.2437,2.2437,2.2437,2.2437,10,0
ICP,D,20121108,000000,2.2437,2.2437,2.2437,2.2437,1075,0
ICP,D,20121109,000000,2.2437,2.3768,2.2437,2.3768,643,0
ICP,D,20121119,000000,2.3768,2.3768,2.3768,2.3768,10,0
ICP,D,20121120,000000,2.3768,2.3768,2.2627,2.2627,305,0
ICP,D,20121122,000000,2.2437,2.2437,2.2437,2.2437,10,0
ICP,D,20121123,000000,2.2437,2.2437,2.2437,2.2437,10,0
ICP,D,20121126,000000,2.2437,2.3768,2.2437,2.3768,465,0
ICP,D,20121127,000000,2.4148,2.4718,2.4148,2.4718,526,0
ICP,D,20121128,000000,2.5194,2.6049,2.5194,2.6049,526,0
ICP,D,20121130,000000,2.662,2.662,2.662,2.662,22,0
ICP,D,20121203,000000,2.662,2.662,2.662,2.662,10,0
ICP,D,20121204,000000,2.662,2.662,2.662,2.662,10,0
ICP,D,20121205,000000,2.662,2.662,2.662,2.662,7,0
ICP,D,20121206,000000,2.662,2.662,2.662,2.662,7,0
ICP,D,20121207,000000,2.662,2.662,2.662,2.662,5,0
ICP,D,20121210,000000,2.662,2.662,2.662,2.662,10,0
ICP,D,20121211,000000,2.662,2.662,2.662,2.662,10,0
ICP,D,20121212,000000,2.662,2.662,2.662,2.662,11,0
ICP,D,20121213,000000,2.662,2.662,2.662,2.662,10,0
ICP,D,20121214,000000,2.662,2.662,2.662,2.662,10,0
ICP,D,20121217,000000,2.662,2.662,2.662,2.662,10,0
ICP,D,20121218,000000,2.662,2.662,2.662,2.662,210,0
ICP,D,20121219,000000,2.662,2.662,2.662,2.662,1942,0
ICP,D,20130129,000000,2.7571,3.1373,2.7571,3.1373,884,0
ICP,D,20130130,000000,3.3275,3.6127,3.3275,3.6127,105,0
ICP,D,20130131,000000,3.8029,4.2782,3.7078,3.7078,379,0
ICP,D,20130314,000000,3.993,3.993,3.993,3.993,52,0
ICP,D,20130321,000000,4.1832,4.2782,4.1832,4.2782,526,0
ICP,D,20130322,000000,4.2782,4.2782,4.2782,4.2782,5,0
ICP,D,20130325,000000,4.2782,4.2782,4.2782,4.2782,5,0
ICP,D,20130326,000000,4.2782,4.2782,4.2782,4.2782,5,0
ICP,D,20130327,000000,4.2782,4.2782,4.2782,4.2782,10,0
ICP,D,20130328,000000,4.2782,4.2782,4.2782,4.2782,5,0
ICP,D,20130412,000000,4.1832,4.1832,4.1832,4.1832,1,0
ICP,D,20130423,000000,4.1832,4.1832,4.1832,4.1832,10,0
ICP,D,20130424,000000,4.1832,4.1832,4.1832,4.1832,10,0
ICP,D,20130425,000000,4.1832,4.1832,4.1832,4.1832,10,0
ICP,D,20130426,000000,4.1832,4.1832,4.1832,4.1832,5,0
ICP,D,20130429,000000,4.1832,4.1832,4.1832,4.1832,10,0
ICP,D,20130430,000000,4.1832,4.1832,4.1832,4.1832,5,0
ICP,D,20130502,000000,4.1832,4.1832,4.1832,4.1832,5,0
ICP,D,20130506,000000,4.1832,4.1832,4.1832,4.1832,5,0
ICP,D,20130507,000000,4.1832,4.1832,4.1832,4.1832,6,0
ICP,D,20130508,000000,4.1832,4.1832,4.1832,4.1832,5,0
ICP,D,20130509,000000,4.1832,4.1832,4.1832,4.1832,5,0
ICP,D,20130510,000000,4.1832,4.1832,4.1832,4.1832,5,0
ICP,D,20130514,000000,4.088,4.088,4.088,4.088,5,0
ICP,D,20130516,000000,4.088,4.088,4.088,4.088,5,0
ICP,D,20130517,000000,4.088,4.088,4.088,4.088,5,0
ICP,D,20130520,000000,4.088,4.088,4.088,4.088,5,0
ICP,D,20130521,000000,4.088,4.088,4.088,4.088,5,0
ICP,D,20130522,000000,4.088,4.088,4.088,4.088,5,0
ICP,D,20130523,000000,4.088,4.088,4.088,4.088,5,0
ICP,D,20130524,000000,4.088,4.088,4.088,4.088,5,0
ICP,D,20130527,000000,4.088,4.088,4.088,4.088,5,0
ICP,D,20130528,000000,4.088,4.088,4.088,4.088,5,0
ICP,D,20130529,000000,4.088,4.088,4.088,4.088,4,0
ICP,D,20130531,000000,4.088,4.088,4.088,4.088,5,0
ICP,D,20130607,000000,4.2782,4.2782,4.2782,4.2782,22,0
ICP,D,20130611,000000,4.3733,4.3733,4.3733,4.3733,22,0
ICP,D,20130612,000000,4.3733,4.3733,4.3733,4.3733,5,0
ICP,D,20130613,000000,4.3733,4.3733,4.3733,4.3733,5,0
ICP,D,20130614,000000,4.3733,4.3733,4.3733,4.3733,3,0
ICP,D,20130617,000000,4.3733,4.3733,4.3733,4.3733,10,0
ICP,D,20130618,000000,4.3733,4.3733,4.3733,4.3733,3,0
ICP,D,20130619,000000,4.3733,4.3733,4.3733,4.3733,2,0
ICP,D,20130620,000000,4.3733,4.3733,4.3733,4.3733,3,0
ICP,D,20130621,000000,4.3733,4.3733,4.3733,4.3733,2,0
ICP,D,20130624,000000,4.3733,4.3733,4.3733,4.3733,3,0
ICP,D,20130625,000000,4.3733,4.3733,4.3733,4.3733,3,0
ICP,D,20130626,000000,4.3733,4.3733,4.3733,4.3733,3,0
ICP,D,20130627,000000,4.3733,4.3733,4.3733,4.3733,3,0
ICP,D,20130628,000000,4.3733,4.3733,4.3733,4.3733,2,0
ICP,D,20130701,000000,4.4208,4.4208,4.4208,4.4208,5,0
ICP,D,20130702,000000,4.4208,4.4208,4.4208,4.4208,3,0
ICP,D,20130704,000000,4.4208,4.4208,4.4208,4.4208,2,0
ICP,D,20130708,000000,4.4208,4.4208,4.4208,4.4208,3,0
ICP,D,20130709,000000,4.4208,4.4208,4.4208,4.4208,5,0
ICP,D,20130711,000000,4.4208,4.4208,4.4208,4.4208,3,0
ICP,D,20130716,000000,4.4208,4.4208,4.4208,4.4208,2,0
ICP,D,20130717,000000,4.4208,4.4208,4.4208,4.4208,3,0
ICP,D,20130719,000000,4.4208,4.4208,4.4208,4.4208,3,0
ICP,D,20130722,000000,4.4208,4.4208,4.4208,4.4208,2,0
ICP,D,20130724,000000,4.4208,4.4208,4.4208,4.4208,2,0
ICP,D,20130726,000000,4.4208,4.4208,4.4208,4.4208,1,0
ICP,D,20130729,000000,4.4208,4.4208,4.4208,4.4208,3,0
ICP,D,20130731,000000,4.4208,4.4208,4.4208,4.4208,1,0
ICP,D,20130807,000000,4.4304,4.4304,4.4304,4.4304,10,0
ICP,D,20130808,000000,4.4304,4.4304,4.4304,4.4304,3,0
ICP,D,20130809,000000,4.4304,4.4304,4.4304,4.4304,2,0
ICP,D,20130812,000000,4.4304,4.4304,4.4304,4.4304,2,0
ICP,D,20130814,000000,4.4304,4.4304,4.4304,4.4304,3,0
ICP,D,20130828,000000,4.6585,4.6585,4.6585,4.6585,32,0
ICP,D,20130829,000000,4.6585,4.6585,4.6585,4.6585,22,0
ICP,D,20130830,000000,4.6585,4.6585,4.6585,4.6585,15,0
ICP,D,20130902,000000,4.7061,4.7061,4.7061,4.7061,10,0
ICP,D,20130903,000000,4.7061,4.7061,4.7061,4.7061,15,0
ICP,D,20130904,000000,4.7061,4.7061,4.7061,4.7061,10,0
ICP,D,20130905,000000,4.7061,4.7061,4.7061,4.7061,10,0
ICP,D,20130906,000000,4.7061,4.7061,4.7061,4.7061,57,0
ICP,D,20130909,000000,4.7061,4.7061,4.7061,4.7061,42,0
ICP,D,20130910,000000,4.7061,4.7061,4.7061,4.7061,5,0
ICP,D,20130911,000000,4.7061,4.7061,4.7061,4.7061,5,0
ICP,D,20130912,000000,4.7061,4.7061,4.7061,4.7061,5,0
ICP,D,20130913,000000,4.7061,4.7061,4.7061,4.7061,5,0
ICP,D,20130916,000000,4.7061,4.7061,4.7061,4.7061,5,0
ICP,D,20130917,000000,4.7061,4.7061,4.7061,4.7061,10,0
ICP,D,20130918,000000,4.7061,4.7061,4.7061,4.7061,5,0
ICP,D,20130919,000000,4.7061,4.7061,4.7061,4.7061,5,0
ICP,D,20130920,000000,4.7061,4.7061,4.7061,4.7061,4,0
ICP,D,20130923,000000,4.7061,4.7061,4.7061,4.7061,5,0
ICP,D,20130924,000000,4.7061,4.7061,4.7061,4.7061,3,0
ICP,D,20130925,000000,4.7061,4.7061,4.7061,4.7061,3,0
ICP,D,20130926,000000,4.7061,4.7061,4.7061,4.7061,3,0
ICP,D,20130927,000000,4.7061,4.7061,4.7061,4.7061,3,0
ICP,D,20130930,000000,4.7061,4.7061,4.7061,4.7061,5,0
ICP,D,20131004,000000,4.7535,5.7043,4.7535,4.7535,1092,0
ICP,D,20131007,000000,4.7535,4.7535,4.7535,4.7535,13,0
ICP,D,20131008,000000,4.7535,4.7535,4.7535,4.7535,5,0
ICP,D,20131009,000000,4.7535,4.7535,4.7535,4.7535,5,0
ICP,D,20131010,000000,4.7535,4.7535,4.7535,4.7535,4,0
ICP,D,20131011,000000,4.7535,4.7535,4.7535,4.7535,5,0
ICP,D,20131014,000000,4.7535,4.7535,4.7535,4.7535,10,0
ICP,D,20131015,000000,4.7535,4.7535,4.7535,4.7535,5,0
ICP,D,20131016,000000,4.7535,4.7535,4.7535,4.7535,5,0
ICP,D,20131017,000000,4.7535,4.7535,4.7535,4.7535,2,0
ICP,D,20131018,000000,4.7535,4.7535,4.7535,4.7535,5,0
ICP,D,20131021,000000,4.7535,4.7535,4.7061,4.7061,214,0
ICP,D,20131022,000000,4.7535,4.7535,4.7535,4.7535,3,0
ICP,D,20131023,000000,4.7535,4.7535,4.7535,4.7535,10,0
ICP,D,20131024,000000,4.7535,4.7535,4.7535,4.7535,5,0
ICP,D,20131025,000000,4.7535,4.7535,4.7535,4.7535,5,0
ICP,D,20131028,000000,4.7535,4.7535,4.7535,4.7535,10,0
ICP,D,20131029,000000,4.7535,4.7535,4.7535,4.7535,5,0
ICP,D,20131030,000000,4.7535,4.7535,4.7535,4.7535,5,0
ICP,D,20131031,000000,4.7535,4.7535,4.7535,4.7535,3,0
ICP,D,20131125,000000,4.7535,4.7535,4.7535,4.7535,27,0
ICP,D,20131126,000000,4.7535,4.7535,4.7535,4.7535,3,0
ICP,D,20131127,000000,4.7535,4.7535,4.7535,4.7535,3,0
ICP,D,20131128,000000,4.7535,4.7535,4.7535,4.7535,5,0
ICP,D,20131129,000000,4.7535,4.7535,4.7535,4.7535,3,0
ICP,D,20131202,000000,4.7535,4.7535,4.7535,4.7535,3,0
ICP,D,20131203,000000,4.7535,4.7535,4.7535,4.7535,5,0
ICP,D,20131204,000000,4.7535,4.7535,4.7535,4.7535,3,0
ICP,D,20131205,000000,4.7535,4.7535,4.7535,4.7535,3,0
ICP,D,20131206,000000,4.7535,4.7535,4.7535,4.7535,10,0
ICP,D,20131209,000000,4.7535,4.7535,4.7535,4.7535,5,0
ICP,D,20131210,000000,4.7535,4.7535,4.7535,4.7535,5,0
ICP,D,20131211,000000,4.7535,4.7535,4.7535,4.7535,5,0
ICP,D,20131212,000000,4.7535,4.7535,4.7535,4.7535,5,0
ICP,D,20131213,000000,4.7535,4.9152,4.7535,4.9152,805,0
ICP,D,20131216,000000,5.0007,5.0007,5.0007,5.0007,5,0
ICP,D,20131217,000000,5.0293,5.0293,5.0293,5.0293,5,0
ICP,D,20131218,000000,5.0388,5.0388,5.0388,5.0388,3,0
ICP,D,20131220,000000,4.8486,4.8486,4.5635,4.5635,15,0
ICP,D,20131230,000000,4.6585,5.4191,4.6585,5.4191,947,0
ICP,D,20140102,000000,5.0388,5.0388,5.0388,5.0388,231,0
ICP,D,20140103,000000,5.0388,5.0388,5.0388,5.0388,5,0
ICP,D,20140107,000000,4.9912,4.9912,4.9912,4.9912,3,0
ICP,D,20140108,000000,5.0293,5.0293,5.0293,5.0293,5,0
ICP,D,20140109,000000,5.0388,5.0388,5.0388,5.0388,3,0
ICP,D,20140110,000000,5.0388,5.0388,5.0388,5.0388,5,0
ICP,D,20140113,000000,5.0388,5.0388,5.0388,5.0388,5,0
ICP,D,20140114,000000,5.0388,5.0388,5.0388,5.0388,5,0
ICP,D,20140115,000000,5.0388,5.0388,5.0388,5.0388,5,0
ICP,D,20140116,000000,5.0388,5.0388,5.0388,5.0388,5,0
ICP,D,20140117,000000,5.0388,5.0388,5.0388,5.0388,2,0
ICP,D,20140120,000000,5.0388,5.0388,5.0388,5.0388,3,0
ICP,D,20140121,000000,4.7535,4.7535,4.7535,4.7535,105,0
ICP,D,20140131,000000,5.0388,5.0388,4.9437,4.9437,416,0
ICP,D,20140203,000000,4.7535,4.7535,4.7535,4.7535,189,0
ICP,D,20140204,000000,4.8486,4.8486,4.8486,4.8486,60,0
ICP,D,20140206,000000,4.9532,5.2954,4.8486,4.8486,673,0
ICP,D,20140207,000000,4.9247,4.9532,4.8011,4.9532,477,0
ICP,D,20140210,000000,4.9437,4.9437,4.8011,4.8011,73,0
ICP,D,20140213,000000,4.8581,5.0578,4.7535,4.7535,416,0
ICP,D,20140214,000000,4.8296,4.9532,4.8296,4.9532,105,0
ICP,D,20140217,000000,4.9532,4.9532,4.9437,4.9532,207,0
ICP,D,20140218,000000,4.9532,4.9532,4.8962,4.8962,116,0
ICP,D,20140219,000000,4.8296,4.8296,4.6585,4.6585,27,0
ICP,D,20140221,000000,4.6585,4.6585,4.5539,4.6585,636,0
ICP,D,20140224,000000,4.6015,4.6015,4.6015,4.6015,5,0
ICP,D,20140225,000000,4.5349,4.5349,4.5349,4.5349,5,0
ICP,D,20140226,000000,4.4683,4.4683,4.4683,4.4683,10,0
ICP,D,20140227,000000,4.5635,4.5635,4.5635,4.5635,10,0
ICP,D,20140228,000000,4.4683,4.4683,4.4683,4.4683,2,0
ICP,D,20140303,000000,4.744,4.8866,4.744,4.8866,399,0
ICP,D,20140304,000000,4.8866,4.8866,4.8866,4.8866,3,0
ICP,D,20140305,000000,5.1149,5.1149,5.1149,5.1149,352,0
ICP,D,20140306,000000,5.1149,5.1149,5.1149,5.1149,5,0
ICP,D,20140307,000000,5.1338,5.1338,5.1338,5.1338,2,0
ICP,D,20140310,000000,5.1338,5.1338,5.0864,5.0864,4,0
ICP,D,20140311,000000,5.0388,5.0388,5.0388,5.0388,8,0
ICP,D,20140312,000000,5.0388,5.0388,4.6585,4.6585,354,0
ICP,D,20140313,000000,4.6585,4.6585,4.6585,4.6585,2,0
ICP,D,20140314,000000,4.592,4.592,4.592,4.592,10,0
ICP,D,20140319,000000,4.5635,4.5635,4.5635,4.5635,10,0
ICP,D,20140320,000000,4.5159,4.5159,4.5159,4.5159,5,0
ICP,D,20140324,000000,4.592,4.7061,4.592,4.7061,421,0
ICP,D,20140325,000000,3.7648,3.7648,3.7648,3.7648,240,0
ICP,D,20140327,000000,3.7648,3.7648,3.7648,3.7648,5,0
ICP,D,20140331,000000,3.7744,3.7744,3.7744,3.7744,5,0
ICP,D,20140403,000000,3.7648,3.7648,3.7648,3.7648,5,0
ICP,D,20140404,000000,3.7648,3.7648,3.7648,3.7648,5,0
ICP,D,20140407,000000,3.7648,3.7648,3.7648,3.7648,3,0
ICP,D,20140408,000000,3.7648,3.7648,3.7648,3.7648,4,0
ICP,D,20140410,000000,3.7648,3.7648,3.7648,3.7648,3,0
ICP,D,20140411,000000,3.7648,3.7648,3.7648,3.7648,4,0
ICP,D,20140414,000000,3.7648,3.7648,3.7648,3.7648,3,0
ICP,D,20140415,000000,3.7648,3.7648,3.7648,3.7648,5,0
ICP,D,20140416,000000,3.7744,3.7744,3.7553,3.7553,121,0
ICP,D,20140506,000000,3.8504,4.031,3.8504,4.031,105,0
ICP,D,20140507,000000,4.031,4.031,4.031,4.031,369,0
ICP,D,20140512,000000,4.031,4.031,4.031,4.031,138,0
ICP,D,20140515,000000,4.031,4.031,4.031,4.031,1,0
ICP,D,20140603,000000,4.3733,4.3733,4.3733,4.3733,22,0
ICP,D,20140605,000000,4.2021,4.2021,4.1166,4.1166,527,0
ICP,D,20140610,000000,4.1547,4.1547,4.1547,4.1547,10,0
ICP,D,20140611,000000,4.2306,4.6585,4.2306,4.6585,421,0
ICP,D,20140616,000000,4.6585,4.6585,4.3733,4.3733,369,0
ICP,D,20140618,000000,4.6585,4.6585,4.6585,4.6585,411,0
ICP,D,20140620,000000,4.6585,4.6585,4.6585,4.6585,5,0
ICP,D,20140630,000000,4.7366,4.8343,4.7366,4.8343,20,0
ICP,D,20140701,000000,4.8343,4.8343,4.8343,4.8343,5,0
ICP,D,20140702,000000,4.8343,4.8343,4.8343,4.8343,3,0
ICP,D,20140703,000000,4.8343,4.8343,4.8343,4.8343,10,0
ICP,D,20140704,000000,4.8343,4.8343,4.8343,4.8343,105,0
ICP,D,20140707,000000,4.8343,4.8343,4.8343,4.8343,5,0
ICP,D,20140708,000000,4.8343,4.8343,4.8343,4.8343,5,0
ICP,D,20140709,000000,4.8343,4.8343,4.8343,4.8343,5,0
ICP,D,20140710,000000,4.8343,4.8343,4.8343,4.8343,5,0
ICP,D,20140711,000000,4.7855,4.7855,4.7855,4.7855,5,0
ICP,D,20140714,000000,4.7855,4.7855,4.7855,4.7855,5,0
ICP,D,20140715,000000,4.7855,4.7855,4.7855,4.7855,3,0
ICP,D,20140716,000000,4.8343,4.8343,4.8343,4.8343,5,0
ICP,D,20140717,000000,4.8343,4.8343,4.8343,4.8343,5,0
ICP,D,20140718,000000,4.7855,4.7855,4.7855,4.7855,5,0
ICP,D,20140721,000000,4.7855,4.7855,4.7855,4.7855,3,0
ICP,D,20140722,000000,4.7855,4.7855,4.7855,4.7855,3,0
ICP,D,20140723,000000,4.7855,4.7855,4.7855,4.7855,5,0
ICP,D,20140724,000000,4.7855,4.7855,4.7855,4.7855,3,0
ICP,D,20140725,000000,4.7855,4.7855,4.7855,4.7855,3,0
ICP,D,20140728,000000,4.8343,4.8343,4.8343,4.8343,6,0
ICP,D,20140729,000000,4.8343,4.8343,4.8343,4.8343,5,0
ICP,D,20140730,000000,4.8343,4.8343,4.8343,4.8343,5,0
ICP,D,20140731,000000,4.8343,4.8343,4.8343,4.8343,5,0
ICP,D,20140801,000000,4.7855,4.7855,4.7855,4.7855,3,0
ICP,D,20140804,000000,4.7855,4.7855,4.7855,4.7855,3,0
ICP,D,20140805,000000,4.7855,4.7855,4.7855,4.7855,5,0
ICP,D,20140806,000000,4.7855,4.7855,4.7855,4.7855,3,0
ICP,D,20140807,000000,4.7855,4.7855,4.7855,4.7855,5,0
ICP,D,20140808,000000,4.7855,4.7855,4.7855,4.7855,5,0
ICP,D,20140811,000000,4.8343,4.8343,4.8343,4.8343,3,0
ICP,D,20140812,000000,4.8343,4.8343,4.8343,4.8343,4,0
ICP,D,20140813,000000,4.8343,4.8343,4.8343,4.8343,3,0
ICP,D,20140814,000000,4.8343,4.8343,4.8343,4.8343,3,0
ICP,D,20140818,000000,4.8343,4.8343,4.8343,4.8343,3,0
ICP,D,20140819,000000,4.8343,4.8343,4.8343,4.8343,5,0
ICP,D,20140820,000000,4.8343,4.8343,4.8343,4.8343,3,0
ICP,D,20140821,000000,4.8343,4.8343,4.8343,4.8343,3,0
ICP,D,20140822,000000,4.8343,4.8343,4.8343,4.8343,3,0
ICP,D,20140825,000000,4.8343,4.8343,4.8343,4.8343,3,0
ICP,D,20140826,000000,4.8343,4.8343,4.8343,4.8343,5,0
ICP,D,20140901,000000,4.7855,4.7855,4.7855,4.7855,3,0
ICP,D,20140902,000000,4.7855,4.7855,4.7855,4.7855,2,0
ICP,D,20140903,000000,4.7855,4.7855,4.7855,4.7855,3,0
ICP,D,20140904,000000,4.7855,4.7855,4.7855,4.7855,3,0
ICP,D,20140905,000000,4.7855,4.7855,4.7855,4.7855,3,0
ICP,D,20140908,000000,4.8343,4.8343,4.5706,4.5706,68,0
ICP,D,20141015,000000,4.6683,4.6683,4.6683,4.6683,102,0
ICP,D,20141030,000000,4.6585,4.6683,4.6585,4.6683,205,0
ICP,D,20141110,000000,4.6683,4.6683,4.6683,4.6683,10,0
ICP,D,20141112,000000,4.6683,4.6683,4.6683,4.6683,3,0
ICP,D,20141113,000000,4.6683,4.6683,4.6683,4.6683,1,0
ICP,D,20141114,000000,4.6683,4.6683,4.6683,4.6683,3,0
ICP,D,20141117,000000,4.6683,4.6683,4.6683,4.6683,3,0
ICP,D,20141118,000000,4.6683,4.6683,4.6683,4.6683,3,0
ICP,D,20141119,000000,4.6683,4.6683,4.6683,4.6683,3,0
ICP,D,20141120,000000,4.6683,4.6683,4.6683,4.6683,3,0
ICP,D,20141124,000000,4.6683,4.6683,4.6683,4.6683,3,0
ICP,D,20141125,000000,4.6683,4.6683,4.6683,4.6683,3,0
ICP,D,20141127,000000,4.6683,4.6683,4.6683,4.6683,3,0
ICP,D,20141128,000000,4.6585,4.6585,4.6585,4.6585,3,0
ICP,D,20141201,000000,4.6585,4.6585,4.6585,4.6585,3,0
ICP,D,20141202,000000,4.6585,4.6585,4.6585,4.6585,3,0
ICP,D,20141203,000000,4.6585,4.6585,4.6585,4.6585,3,0
ICP,D,20141204,000000,4.6585,4.6585,4.6585,4.6585,3,0
ICP,D,20141205,000000,4.6585,4.6585,4.6585,4.6585,3,0
ICP,D,20141208,000000,4.6585,4.6585,4.6585,4.6585,3,0
ICP,D,20141209,000000,4.6585,4.6585,4.6585,4.6585,3,0
ICP,D,20141210,000000,4.6585,4.6585,4.6585,4.6585,3,0
ICP,D,20141211,000000,4.6585,4.6585,4.6585,4.6585,3,0
ICP,D,20141212,000000,4.6487,4.6487,4.6487,4.6487,10,0
ICP,D,20141215,000000,4.6487,4.6487,4.6487,4.6487,3,0
ICP,D,20141216,000000,4.3948,4.3948,4.3948,4.3948,41,0
ICP,D,20141217,000000,4.385,4.385,4.385,4.385,10,0
ICP,D,20141218,000000,4.385,4.385,4.385,4.385,3,0
ICP,D,20141219,000000,4.385,4.385,4.385,4.385,3,0
ICP,D,20141222,000000,4.385,4.385,4.385,4.385,3,0
ICP,D,20141223,000000,4.385,4.385,4.385,4.385,3,0
ICP,D,20141229,000000,4.385,4.385,4.385,4.385,10,0
ICP,D,20141230,000000,4.385,4.385,4.385,4.385,10,0
ICP,D,20150105,000000,4.3753,4.3753,4.3753,4.3753,10,0
ICP,D,20150107,000000,4.3753,4.3753,4.3753,4.3753,5,0
ICP,D,20150108,000000,4.3753,4.3753,4.3753,4.3753,3,0
ICP,D,20150109,000000,4.3753,4.3753,4.3753,4.3753,5,0
ICP,D,20150112,000000,4.3753,4.3753,4.3753,4.3753,3,0
ICP,D,20150113,000000,4.3753,4.3753,4.3753,4.3753,3,0
ICP,D,20150114,000000,4.3753,4.3753,4.3753,4.3753,3,0
ICP,D,20150115,000000,4.3753,4.3753,4.3753,4.3753,3,0
ICP,D,20150116,000000,4.3753,4.3753,4.3753,4.3753,3,0
ICP,D,20150119,000000,4.3753,4.3753,4.3557,4.3557,13,0
ICP,D,20150120,000000,4.3753,4.3753,4.3753,4.3753,5,0
ICP,D,20150121,000000,4.3753,4.3753,4.3753,4.3753,3,0
ICP,D,20150122,000000,4.3753,4.3753,4.3753,4.3753,10,0
ICP,D,20150123,000000,4.3753,4.3753,4.3753,4.3753,3,0
ICP,D,20150126,000000,4.3753,4.3753,4.3753,4.3753,3,0
ICP,D,20150127,000000,4.3753,4.3753,4.346,4.346,70,0
ICP,D,20150204,000000,4.2971,4.2971,4.2971,4.2971,3,0
ICP,D,20150206,000000,4.3753,4.3753,4.3753,4.3753,1,0
ICP,D,20150209,000000,4.3753,4.3753,4.3753,4.3753,3,0
ICP,D,20150210,000000,4.2971,4.2971,4.2971,4.2971,3,0
ICP,D,20150216,000000,4.2971,4.2971,4.2971,4.2971,3,0
ICP,D,20150227,000000,4.2288,4.2288,4.2288,4.2288,10,0
ICP,D,20150302,000000,4.053,4.053,4.053,4.053,182,0
ICP,D,20150629,000000,3.9065,3.9065,3.7112,3.7112,195,0
ICP,D,20150703,000000,4.053,4.4436,3.9358,4.4436,353,0
ICP,D,20150707,000000,4.4632,4.4632,4.4632,4.4632,46,0
ICP,D,20150715,000000,4.639,4.6683,4.639,4.6683,46,0
ICP,D,20150728,000000,3.7893,3.7893,3.7893,3.7893,102,0
ICP,D,20150916,000000,4.0042,4.0042,4.0042,4.0042,128,0
ICP,D,20151016,000000,4.053,4.053,4.053,4.053,20,0
ICP,D,20151022,000000,3.9065,3.9065,3.9065,3.9065,31,0
ICP,D,20151228,000000,3.8577,3.8577,3.8577,3.8577,31,0
ICP,D,20160622,000000,3.9065,3.9065,3.76,3.76,29,0
ICP,D,20161209,000000,3.99,3.99,3.99,3.99,4,0
ICP,D,20161212,000000,3.99,3.99,3.99,3.99,3,0
ICP,D,20161213,000000,3.99,3.99,3.99,3.99,3,0
ICP,D,20161214,000000,3.99,3.99,3.99,3.99,4,0
ICP,D,20161215,000000,3.99,3.99,3.99,3.99,4,0
ICP,D,20161216,000000,3.99,3.99,3.99,3.99,3,0
ICP,D,20161219,000000,3.99,3.99,3.99,3.99,3,0
ICP,D,20161220,000000,3.99,3.99,3.99,3.99,4,0
ICP,D,20161221,000000,3.99,3.99,3.99,3.99,15,0
ICP,D,20161222,000000,3.99,3.99,3.82,3.82,9,0
ICP,D,20170404,000000,3.86,3.86,3.86,3.86,131915,0
ICP,D,20170420,000000,3.85,3.85,3.82,3.82,51,0
ICP,D,20170803,000000,3.8,3.8,3.8,3.8,15,0
ICP,D,20170804,000000,3.72,3.72,3.7,3.7,300,0
ICP,D,20170808,000000,3.65,3.65,3.65,3.65,5,0
ICP,D,20171206,000000,3.5,3.5,3.5,3.5,354,0
ICP,D,20180202,000000,3.6,3.6,3.6,3.6,4,0
ICP,D,20180227,000000,3.38,3.38,3.38,3.38,31,0
ICP,D,20180518,000000,3.38,3.38,3.38,3.38,300,0
ICP,D,20180521,000000,3.38,3.38,3.38,3.38,4,0
ICP,D,20180522,000000,3.38,3.38,3.38,3.38,3,0
ICP,D,20180523,000000,3.38,3.38,3.38,3.38,3,0
ICP,D,20180524,000000,3.38,3.38,3.38,3.38,3,0
ICP,D,20180525,000000,3.38,3.38,3.38,3.38,5,0
ICP,D,20180528,000000,3.38,3.38,3.38,3.38,4,0
ICP,D,20180529,000000,3.38,3.38,3.38,3.38,4,0
ICP,D,20180530,000000,3.38,3.38,3.38,3.38,4,0
ICP,D,20180601,000000,3.38,3.38,3.38,3.38,3,0
ICP,D,20180604,000000,3.38,3.38,3.38,3.38,4,0
ICP,D,20180605,000000,3.38,3.38,3.38,3.38,4,0
ICP,D,20180606,000000,3.38,3.38,3.38,3.38,3,0
ICP,D,20180607,000000,3.38,3.38,2.8,2.8,643,0
ICP,D,20180608,000000,2.74,2.74,2.7,2.7,370,0
ICP,D,20180612,000000,2.7,2.7,2.36,2.36,1125,0
ICP,D,20180613,000000,2.6,2.9,2.2,2.9,420,0
ICP,D,20180614,000000,2.5,2.5,2.5,2.5,405,0
ICP,D,20180618,000000,2.5,2.5,2.5,2.5,10,0
ICP,D,20180619,000000,2.42,2.46,2.2,2.46,455,0
ICP,D,20180620,000000,2.3,2.3,2.3,2.3,440,0
ICP,D,20180621,000000,2.2,2.2,2.2,2.2,460,0
ICP,D,20180622,000000,2.1,2.1,2.1,2.1,485,0
ICP,D,20180626,000000,2.1,2.1,2.1,2.1,5,0
ICP,D,20180627,000000,2.1,2.1,2.1,2.1,5,0
ICP,D,20180628,000000,2.1,2.1,2.1,2.1,5,0
ICP,D,20180629,000000,2.1,2.1,2.1,2.1,5,0
ICP,D,20180702,000000,2.1,2.1,1.7,1.7,25,0
ICP,D,20180712,000000,1.6,1.7,1.4,1.7,1070,0
ICP,D,20180718,000000,1.6,1.6,1.6,1.6,20,0
ICP,D,20180719,000000,1.6,1.6,1.6,1.6,10,0
ICP,D,20180720,000000,1.6,1.6,1.6,1.6,10,0
ICP,D,20180725,000000,1.6,1.6,1.5,1.5,30,0
ICP,D,20180726,000000,1.5,1.5,1.25,1.25,1010,0
ICP,D,20180727,000000,1.5,1.5,1.5,1.5,10,0
ICP,D,20180730,000000,1.5,1.5,1.5,1.5,10,0
ICP,D,20180731,000000,1.5,1.5,1.45,1.45,20,0
ICP,D,20180801,000000,1.45,1.45,1.45,1.45,10,0
ICP,D,20180808,000000,1.45,1.45,1.45,1.45,700,0
ICP,D,20180814,000000,1.37,1.37,1.3,1.3,1050,0
ICP,D,20180821,000000,1.24,1.24,1.2,1.2,1080,0
ICP,D,20180822,000000,1.13,1.27,1,1.27,1205,0
ICP,D,20180823,000000,1.02,1.02,1.02,1.02,1,0
ICP,D,20180827,000000,1.02,1.02,1.02,1.02,9,0
ICP,D,20180924,000000,0.85,0.85,0.85,0.85,3,0
ICP,D,20181002,000000,0.81,0.81,0.71,0.71,2890,0
ICP,D,20181003,000000,0.71,0.71,0.71,0.71,20,0
ICP,D,20181004,000000,0.71,0.71,0.64,0.64,1700,0
ICP,D,20181113,000000,0.62,0.62,0.5,0.5,4065,0
ICP,D,20181120,000000,0.46,0.46,0.46,0.46,2200,0
ICP,D,20181121,000000,0.53,0.53,0.53,0.53,5,0
ICP,D,20181122,000000,0.53,0.53,0.53,0.53,20,0
ICP,D,20181123,000000,0.53,0.53,0.53,0.53,20,0
ICP,D,20181126,000000,0.53,0.53,0.53,0.53,30,0
ICP,D,20181127,000000,0.53,0.53,0.44,0.44,520,0
ICP,D,20181128,000000,0.42,0.42,0.32,0.32,7900,0
ICP,D,20181129,000000,0.3,0.3,0.3,0.3,3500,0
ICP,D,20181130,000000,0.31,0.31,0.31,0.31,35,0
ICP,D,20181203,000000,0.31,0.31,0.31,0.31,35,0
ICP,D,20181204,000000,0.31,0.31,0.31,0.31,35,0
ICP,D,20181205,000000,0.31,0.31,0.31,0.31,9,0
ICP,D,20181206,000000,0.31,0.31,0.31,0.31,40,0
ICP,D,20181210,000000,0.28,0.28,0.28,0.28,40,0
ICP,D,20181211,000000,0.28,0.28,0.28,0.28,2040,0
ICP,D,20181212,000000,0.28,0.28,0.28,0.28,40,0
ICP,D,20181213,000000,0.28,0.28,0.28,0.28,40,0
ICP,D,20181214,000000,0.28,0.28,0.28,0.28,40,0
ICP,D,20181217,000000,0.28,0.28,0.28,0.28,40,0
ICP,D,20181218,000000,0.28,0.28,0.28,0.28,40,0
ICP,D,20181219,000000,0.28,0.28,0.28,0.28,40,0
ICP,D,20181220,000000,0.28,0.28,0.28,0.28,40,0
ICP,D,20181221,000000,0.28,0.28,0.28,0.28,43,0
ICP,D,20181227,000000,0.28,0.28,0.28,0.28,40,0
ICP,D,20181228,000000,0.28,0.28,0.28,0.28,40,0
ICP,D,20190107,000000,0.28,0.28,0.28,0.28,100,0
ICP,D,20190108,000000,0.28,0.28,0.23,0.23,950,0
ICP,D,20190109,000000,0.23,0.23,0.23,0.23,2000,0
ICP,D,20190110,000000,0.23,0.23,0.22,0.22,5695,0
ICP,D,20190121,000000,0.22,0.22,0.22,0.22,50,0
ICP,D,20190129,000000,0.22,0.22,0.22,0.22,50,0
ICP,D,20190201,000000,0.21,0.21,0.17,0.17,27845,0
ICP,D,20190204,000000,0.15,0.15,0.12,0.12,47341,0
ICP,D,20190205,000000,0.1,0.1,0.08,0.08,59214,0
ICP,D,20190206,000000,0.07,0.08,0.07,0.08,76670,0
ICP,D,20190207,000000,0.1,0.12,0.1,0.12,19192,0
ICP,D,20190208,000000,0.12,0.15,0.12,0.15,63042,0
ICP,D,20190211,000000,0.18,0.21,0.18,0.2,42359,0
ICP,D,20190212,000000,0.2,0.2,0.16,0.16,11721,0
ICP,D,20190213,000000,0.17,0.17,0.14,0.15,16473,0
ICP,D,20190214,000000,0.15,0.17,0.14,0.14,4130,0
ICP,D,20190215,000000,0.14,0.16,0.12,0.12,12687,0
ICP,D,20190219,000000,0.13,0.15,0.12,0.15,35600,0
ICP,D,20190220,000000,0.15,0.15,0.15,0.15,100,0
ICP,D,20190221,000000,0.16,0.16,0.16,0.16,100,0
ICP,D,20190222,000000,0.15,0.2,0.15,0.2,61251,0
ICP,D,20190225,000000,0.22,0.26,0.21,0.25,18650,0
ICP,D,20190226,000000,0.25,0.25,0.2,0.25,6551,0
ICP,D,20190301,000000,0.26,0.26,0.26,0.26,493,0
ICP,D,20190304,000000,0.21,0.24,0.2,0.24,15000,0
ICP,D,20190305,000000,0.24,0.24,0.24,0.24,50,0
ICP,D,20190306,000000,0.24,0.24,0.24,0.24,350,0
ICP,D,20190307,000000,0.24,0.24,0.24,0.24,50,0
ICP,D,20190311,000000,0.24,0.24,0.24,0.24,1050,0
ICP,D,20190312,000000,0.24,0.24,0.2,0.24,2610,0
ICP,D,20190313,000000,0.24,0.24,0.24,0.24,1050,0
ICP,D,20190314,000000,0.24,0.24,0.24,0.24,50,0
ICP,D,20190318,000000,0.24,0.24,0.24,0.24,50,0
ICP,D,20190319,000000,0.24,0.24,0.24,0.24,60,0
ICP,D,20190320,000000,0.24,0.24,0.24,0.24,50,0
ICP,D,20190321,000000,0.24,0.24,0.24,0.24,50,0
ICP,D,20190322,000000,0.2,0.24,0.16,0.24,12680,0
ICP,D,20190325,000000,0.2,0.2,0.2,0.2,59,0
ICP,D,20190327,000000,0.24,0.24,0.24,0.24,1,0
ICP,D,20190329,000000,0.2,0.2,0.2,0.2,60,0
ICP,D,20190401,000000,0.2,0.2,0.2,0.2,60,0
ICP,D,20190403,000000,0.12,0.12,0.12,0.12,8250,0
ICP,D,20190404,000000,0.12,0.12,0.12,0.12,100,0
ICP,D,20190408,000000,0.096,0.14,0.096,0.14,56361,0
ICP,D,20190410,000000,0.16,0.16,0.16,0.16,14534,0
ICP,D,20190411,000000,0.2,0.24,0.2,0.24,36600,0
ICP,D,20190412,000000,0.26,0.26,0.26,0.26,9205,0
ICP,D,20190415,000000,0.26,0.26,0.26,0.26,4644,0
ICP,D,20190416,000000,0.28,0.28,0.28,0.28,15,0
ICP,D,20190424,000000,0.28,0.28,0.28,0.28,160,0
ICP,D,20190430,000000,0.23,0.23,0.23,0.23,200,0
ICP,D,20190508,000000,0.28,0.28,0.28,0.28,50,0
ICP,D,20190509,000000,0.28,0.28,0.28,0.28,40,0
ICP,D,20190513,000000,0.28,0.28,0.28,0.28,40,0
ICP,D,20190516,000000,0.28,0.28,0.28,0.28,50,0
ICP,D,20190517,000000,0.25,0.25,0.19,0.19,400,0
ICP,D,20190520,000000,0.19,0.23,0.19,0.23,410,0
ICP,D,20190521,000000,0.224,0.224,0.22,0.22,500,0
ICP,D,20190522,000000,0.17,0.17,0.17,0.17,3000,0
ICP,D,20190523,000000,0.22,0.22,0.22,0.22,40,0
ICP,D,20190524,000000,0.22,0.22,0.22,0.22,671,0
ICP,D,20190527,000000,0.22,0.22,0.22,0.22,50,0
ICP,D,20190528,000000,0.22,0.22,0.22,0.22,450,0
ICP,D,20190529,000000,0.22,0.22,0.22,0.22,50,0
ICP,D,20190530,000000,0.22,0.22,0.22,0.22,50,0
ICP,D,20190603,000000,0.12,0.12,0.12,0.12,7170,0
ICP,D,20190604,000000,0.12,0.12,0.12,0.12,100,0
ICP,D,20190610,000000,0.119,0.12,0.119,0.12,1,0
ICP,D,20190619,000000,0.11,0.11,0.11,0.11,154,0
ICP,D,20190621,000000,0.11,0.11,0.11,0.11,25,0
ICP,D,20190624,000000,0.11,0.11,0.11,0.11,100,0
ICP,D,20190625,000000,0.11,0.11,0.11,0.11,100,0
ICP,D,20190626,000000,0.11,0.11,0.11,0.11,100,0
ICP,D,20190627,000000,0.11,0.11,0.11,0.11,100,0
ICP,D,20190628,000000,0.11,0.11,0.11,0.11,100,0
ICP,D,20190701,000000,0.11,0.11,0.11,0.11,100,0
ICP,D,20190702,000000,0.11,0.11,0.11,0.11,100,0
ICP,D,20190703,000000,0.11,0.11,0.11,0.11,100,0
ICP,D,20190704,000000,0.11,0.11,0.11,0.11,100,0
ICP,D,20190705,000000,0.11,0.11,0.11,0.11,100,0
ICP,D,20190708,000000,0.11,0.11,0.11,0.11,100,0
ICP,D,20190709,000000,0.11,0.11,0.11,0.11,100,0
ICP,D,20190710,000000,0.109,0.11,0.109,0.11,100,0
ICP,D,20190711,000000,0.108,0.11,0.108,0.11,100,0
ICP,D,20190712,000000,0.108,0.11,0.108,0.11,100,0
ICP,D,20190715,000000,0.108,0.11,0.108,0.11,100,0
ICP,D,20190716,000000,0.108,0.11,0.108,0.11,50,0
ICP,D,20190717,000000,0.108,0.11,0.108,0.11,50,0
ICP,D,20190718,000000,0.108,0.11,0.108,0.11,100,0
ICP,D,20190719,000000,0.108,0.11,0.108,0.11,50,0
ICP,D,20190722,000000,0.09,0.09,0.09,0.09,150,0
ICP,D,20190723,000000,0.09,0.09,0.09,0.09,100,0
ICP,D,20190724,000000,0.09,0.09,0.09,0.09,100,0
ICP,D,20190725,000000,0.09,0.09,0.09,0.09,100,0
ICP,D,20190726,000000,0.09,0.09,0.09,0.09,50,0
ICP,D,20190729,000000,0.09,0.09,0.09,0.09,50,0
ICP,D,20190730,000000,0.09,0.09,0.09,0.09,50,0
ICP,D,20190731,000000,0.09,0.09,0.09,0.09,120,0
ICP,D,20190801,000000,0.09,0.09,0.08,0.08,330,0
ICP,D,20190802,000000,0.09,0.09,0.09,0.09,120,0
ICP,D,20190805,000000,0.09,0.09,0.09,0.09,21,0
ICP,D,20190806,000000,0.07,0.07,0.07,0.07,100,0
ICP,D,20190807,000000,0.07,0.07,0.07,0.07,150,0
ICP,D,20190808,000000,0.07,0.07,0.07,0.07,150,0
ICP,D,20190809,000000,0.07,0.07,0.07,0.07,150,0
ICP,D,20190902,000000,0.08,0.08,0.08,0.08,13,0
ICP,D,20190917,000000,0.02,0.02,0.02,0.02,26200,0
ICP,D,20190918,000000,0.011,0.011,0.01,0.01,44865,0
ICP,D,20190919,000000,0.01,0.013,0.01,0.013,10100,0
ICP,D,20190920,000000,0.013,0.02,0.013,0.02,8940,0
ICP,D,20190923,000000,0.026,0.026,0.026,0.026,500,0
ICP,D,20190924,000000,0.033,0.042,0.033,0.042,1300,0
ICP,D,20190925,000000,0.048,0.048,0.048,0.048,100,0
ICP,D,20190926,000000,0.048,0.048,0.048,0.048,161,0
ICP,D,20190930,000000,0.048,0.048,0.048,0.048,61,0
ICP,D,20191010,000000,0.048,0.062,0.048,0.062,5781,0
ICP,D,20191011,000000,0.08,0.08,0.08,0.08,555,0
ICP,D,20200219,000000,0.056,0.056,0.056,0.056,38600,0
