<TICKER>,<PER>,<DATE>,<TIME>,<OPEN>,<HIGH>,<LOW>,<CLOSE>,<VOL>,<OPENINT>
MOV,D,20181218,000000,21.5,25,19,20,29503,0
MOV,D,20181219,000000,21,21,18.18,18.19,6439,0
MOV,D,20181220,000000,18.19,18.19,16.4,17.8,2741,0
MOV,D,20181221,000000,17,19.44,17,19.44,2030,0
MOV,D,20181227,000000,19.9,19.9,18.1,18.44,1293,0
MOV,D,20181228,000000,18.35,18.9,17.8,18.8,1621,0
MOV,D,20190102,000000,19.15,19.15,18,18.9,365,0
MOV,D,20190103,000000,18.89,18.89,18,18.69,740,0
MOV,D,20190104,000000,18.69,18.69,18,18,1048,0
MOV,D,20190107,000000,18,18.48,18,18.46,992,0
MOV,D,20190108,000000,18.46,18.46,17.8,18.44,318,0
MOV,D,20190109,000000,18.4,18.69,18,18.69,523,0
MOV,D,20190110,000000,18.46,18.68,18.46,18.68,35,0
MOV,D,20190111,000000,18.03,18.63,17.9,18.63,797,0
MOV,D,20190114,000000,18.1,18.55,18.03,18.55,873,0
MOV,D,20190115,000000,18.57,18.88,18.3,18.84,1836,0
MOV,D,20190116,000000,18.83,18.9,18.5,18.9,1153,0
MOV,D,20190117,000000,18.7,19,18.7,19,2330,0
MOV,D,20190118,000000,19,20.8,19,20.43,8457,0
MOV,D,20190121,000000,20.5,21.5,20.43,21.28,1880,0
MOV,D,20190122,000000,21.1,21.3,20.44,20.8,1015,0
MOV,D,20190123,000000,20.8,21.08,19.16,21,2920,0
MOV,D,20190124,000000,21.05,22.5,21.05,22.2,1799,0
MOV,D,20190125,000000,22,26.4,22,24.9,6678,0
MOV,D,20190128,000000,24.88,27.2,23.55,25.9,8326,0
MOV,D,20190129,000000,25.98,28,25,28,10702,0
MOV,D,20190130,000000,27.8,28.5,26.65,27,3936,0
MOV,D,20190131,000000,26.65,26.75,25,26.5,5192,0
MOV,D,20190201,000000,26.5,26.5,25.5,25.99,2774,0
MOV,D,20190204,000000,26,26.9,25.99,25.99,2770,0
MOV,D,20190205,000000,25.7,26.8,25.5,26.79,1079,0
MOV,D,20190206,000000,27.25,27.3,26.45,27.25,1719,0
MOV,D,20190207,000000,27.25,27.25,25.5,26.99,1308,0
MOV,D,20190208,000000,25.44,26.29,25.4,26.29,773,0
MOV,D,20190211,000000,26.29,26.29,25.45,26,828,0
MOV,D,20190212,000000,25.4,26.68,25,26.68,925,0
MOV,D,20190213,000000,26.68,26.68,22.27,26.19,946,0
MOV,D,20190214,000000,26.59,28.54,26.15,26.6,12788,0
MOV,D,20190215,000000,26.6,28.22,26.2,28.22,3808,0
MOV,D,20190218,000000,28.62,28.62,27.7,27.75,1413,0
MOV,D,20190219,000000,28,28.5,27,28.5,2387,0
MOV,D,20190220,000000,28.2,29.6,28.1,29,8137,0
MOV,D,20190221,000000,28.83,28.83,28.06,28.83,480,0
MOV,D,20190222,000000,28.2,29,28.2,29,222,0
MOV,D,20190225,000000,28.99,28.99,28.5,28.99,371,0
MOV,D,20190226,000000,28.96,28.96,28,28.4,631,0
MOV,D,20190227,000000,28.12,28.3,27.32,28,362,0
MOV,D,20190228,000000,28,28,27.21,28,462,0
MOV,D,20190301,000000,28,28.38,27.62,28.38,2190,0
MOV,D,20190304,000000,28.38,30,28,28,2035,0
MOV,D,20190305,000000,28.4,28.5,28,28.5,975,0
MOV,D,20190306,000000,28.5,28.66,28.15,28.6,878,0
MOV,D,20190307,000000,28.4,28.4,27.57,28,243,0
MOV,D,20190308,000000,28.15,28.15,27.5,27.99,1033,0
MOV,D,20190311,000000,28,30.9,27.95,29.99,18200,0
MOV,D,20190312,000000,30.4,33.34,30,32.8,13185,0
MOV,D,20190313,000000,33.5,33.5,31,31.32,4434,0
MOV,D,20190314,000000,31.4,33.2,30.6,31,6945,0
MOV,D,20190315,000000,31.8,33.195,31.25,32.98,6872,0
MOV,D,20190318,000000,32.5,32.88,32,32.88,1523,0
MOV,D,20190319,000000,32.88,32.88,30.55,32.4,5151,0
MOV,D,20190320,000000,32,32,30.24,30.96,2488,0
MOV,D,20190321,000000,30.97,31.4,30.97,31.4,708,0
MOV,D,20190322,000000,30.81,30.81,29.5,30.7,2844,0
MOV,D,20190325,000000,30.98,30.98,29.16,30,1141,0
MOV,D,20190326,000000,30,31.6,29.21,31.6,1697,0
MOV,D,20190327,000000,31.3,31.3,29.45,29.99,1106,0
MOV,D,20190328,000000,29.9,30.78,29.51,30.2,1477,0
MOV,D,20190329,000000,30.3,31.2,29.78,30.2,1056,0
MOV,D,20190401,000000,30.2,30.2,28.8,29.3,4530,0
MOV,D,20190402,000000,29.6,29.6,28.1,28.5,5760,0
MOV,D,20190403,000000,31,31,27,28.3,15758,0
MOV,D,20190404,000000,28.7,28.7,27.5,28.4,4370,0
MOV,D,20190405,000000,28.4,28.4,27.6,28.4,3916,0
MOV,D,20190408,000000,28,28.6,27.6,28.3,2859,0
MOV,D,20190409,000000,27.8,29.9,27.8,29,4408,0
MOV,D,20190410,000000,29.5,29.5,29,29.2,406,0
MOV,D,20190411,000000,29.4,29.5,28.5,28.5,3139,0
MOV,D,20190412,000000,28.6,28.8,27,28.2,2395,0
MOV,D,20190415,000000,27.7,28.2,27.7,28.2,407,0
MOV,D,20190416,000000,27.8,28.1,27.6,28.1,1043,0
MOV,D,20190417,000000,28,28,27.6,27.6,2181,0
MOV,D,20190418,000000,27.7,28,27.3,28,1419,0
MOV,D,20190423,000000,28,28.8,28,28.8,1640,0
MOV,D,20190424,000000,28.5,28.6,28.4,28.6,381,0
MOV,D,20190425,000000,28.7,29.5,27.5,27.5,1040,0
MOV,D,20190426,000000,29.4,30,28.5,29.3,2516,0
MOV,D,20190429,000000,29.5,29.6,29,29.6,566,0
MOV,D,20190430,000000,29.6,30.7,29,30.7,1677,0
MOV,D,20190502,000000,30,30.7,29.1,30,637,0
MOV,D,20190506,000000,30,31.2,29,31.2,2707,0
MOV,D,20190507,000000,31.2,31.8,29.9,30.2,3616,0
MOV,D,20190508,000000,30.2,31.3,30.1,31,1294,0
MOV,D,20190509,000000,31.5,31.5,30.5,31.3,1932,0
MOV,D,20190510,000000,31.5,31.8,30.4,30.4,835,0
MOV,D,20190513,000000,31,31.3,31,31,614,0
MOV,D,20190514,000000,30.2,31.5,30,30.9,1932,0
MOV,D,20190515,000000,30.9,30.9,28.8,30.2,1653,0
MOV,D,20190516,000000,31,31,29,30.1,1061,0
MOV,D,20190517,000000,29.8,29.8,29,29.7,313,0
MOV,D,20190520,000000,30,30,28.2,28.7,1114,0
MOV,D,20190521,000000,28.8,28.8,26.6,28.4,1266,0
MOV,D,20190522,000000,28.2,28.9,27.4,28.9,596,0
MOV,D,20190523,000000,27.6,28,26.7,27.8,1041,0
MOV,D,20190524,000000,26.9,29.1,26.5,28.6,2881,0
MOV,D,20190527,000000,28.6,28.6,27.5,28,947,0
MOV,D,20190528,000000,28,28,27,27.8,1175,0
MOV,D,20190529,000000,26.9,27.7,26.9,27.7,358,0
MOV,D,20190530,000000,27.6,27.9,27,27.9,1341,0
MOV,D,20190531,000000,27.9,27.9,26.9,27.6,1639,0
MOV,D,20190603,000000,27.2,27.2,26.9,26.9,441,0
MOV,D,20190604,000000,27,27,26,27,529,0
MOV,D,20190605,000000,26.8,27,26.6,27,261,0
MOV,D,20190606,000000,26.7,26.7,26.2,26.5,914,0
MOV,D,20190607,000000,26.1,26.9,25.9,26.8,3649,0
MOV,D,20190610,000000,26.3,26.9,25.7,26.3,2559,0
MOV,D,20190611,000000,26,26.5,24.2,26.4,1462,0
MOV,D,20190612,000000,26.4,26.4,24.2,24.4,1896,0
MOV,D,20190613,000000,25,26.6,24.2,25.8,1297,0
MOV,D,20190614,000000,24.3,25.8,24.3,25.3,1027,0
MOV,D,20190617,000000,25.3,25.8,25,25.5,902,0
MOV,D,20190618,000000,25.5,25.9,25,25.9,1391,0
MOV,D,20190619,000000,25.5,26,25.1,25.1,1639,0
MOV,D,20190621,000000,26.5,26.5,24.8,25.5,2289,0
MOV,D,20190624,000000,25,25,24.5,25,985,0
MOV,D,20190625,000000,24.9,24.9,24.4,24.8,1129,0
MOV,D,20190626,000000,24.4,25.4,24.2,24.8,788,0
MOV,D,20190627,000000,24.3,25,24.3,25,406,0
MOV,D,20190628,000000,25.00,26.70,25.00,25.70,2087,0
MOV,D,20190701,000000,25.8,26.7,25.7,26.6,1259,0
MOV,D,20190702,000000,26.6,26.7,26,26,974,0
MOV,D,20190703,000000,26,26.7,25.8,26.7,548,0
MOV,D,20190704,000000,26.4,27,26,27,1899,0
MOV,D,20190705,000000,27,28.5,26.9,27.5,2071,0
MOV,D,20190708,000000,28.5,28.9,28,28.5,2500,0
MOV,D,20190709,000000,27.9,29,27.6,27.8,231,0
MOV,D,20190710,000000,27.6,28,26.1,27.8,860,0
MOV,D,20190711,000000,27.9,27.9,26.5,27,1585,0
MOV,D,20190712,000000,27,27,26.5,27,249,0
MOV,D,20190715,000000,28,28,27,27.4,1122,0
MOV,D,20190716,000000,27,27,26.5,27,665,0
MOV,D,20190717,000000,27,27.4,27,27.4,770,0
MOV,D,20190718,000000,27.4,27.4,27,27,849,0
MOV,D,20190719,000000,27,28.5,26.5,28,2221,0
MOV,D,20190722,000000,27.5,28.1,27,28.1,480,0
MOV,D,20190723,000000,28.1,28.2,27.9,28.2,706,0
MOV,D,20190724,000000,28.4,29,28.3,29,390,0
MOV,D,20190725,000000,29,29.7,29,29.7,1719,0
MOV,D,20190726,000000,29.7,29.7,28.4,29.7,1026,0
MOV,D,20190729,000000,29,29.6,28.6,29.4,1252,0
MOV,D,20190730,000000,29,29.6,28.7,29.3,2926,0
MOV,D,20190731,000000,29.5,29.5,29.3,29.5,1778,0
MOV,D,20190801,000000,29.5,29.5,28.7,29,1249,0
MOV,D,20190802,000000,29,29,28.4,29,1167,0
MOV,D,20190805,000000,28.4,29,28.1,29,1546,0
MOV,D,20190806,000000,29,29,28.8,28.9,268,0
MOV,D,20190807,000000,28.9,28.9,27.9,28.6,1752,0
MOV,D,20190808,000000,28.1,28.1,27,27.5,3838,0
MOV,D,20190809,000000,27.5,27.5,26.5,27.5,1857,0
MOV,D,20190812,000000,27.5,27.5,26.6,27,999,0
MOV,D,20190813,000000,27.4,27.4,26.3,27.4,502,0
MOV,D,20190814,000000,27.4,27.4,26.5,27.4,326,0
MOV,D,20190816,000000,27,27.4,26.8,27.4,1299,0
MOV,D,20190819,000000,27.4,27.4,26,27.2,627,0
MOV,D,20190820,000000,27.2,27.4,27.2,27.3,352,0
MOV,D,20190821,000000,27.4,28.1,27.1,27.5,1744,0
MOV,D,20190822,000000,27.8,28.8,27.6,28.5,922,0
MOV,D,20190823,000000,28.5,28.8,28.1,28.8,1621,0
MOV,D,20190826,000000,28.1,28.8,28.1,28.8,515,0
MOV,D,20190827,000000,29,29.7,29,29.5,1986,0
MOV,D,20190828,000000,29.7,31,29.6,30.5,2715,0
MOV,D,20190829,000000,30.6,30.7,29.4,30.5,646,0
MOV,D,20190830,000000,29.7,30.5,29.7,30.5,1866,0
MOV,D,20190902,000000,30.5,35.2,30.4,32.2,7898,0
MOV,D,20190903,000000,33,33.4,32,32,7772,0
MOV,D,20190904,000000,32.6,32.8,31.5,32.8,1975,0
MOV,D,20190905,000000,35.1,35.1,32.6,33.5,2626,0
MOV,D,20190906,000000,33.6,34.5,32.8,33.5,523,0
MOV,D,20190909,000000,32.6,33.2,32,33.2,1156,0
MOV,D,20190910,000000,33.2,33.2,32,32.1,1065,0
MOV,D,20190911,000000,32,36.2,31.1,34.8,9900,0
MOV,D,20190912,000000,34,35.9,34,35,3828,0
MOV,D,20190913,000000,35,35.6,34,35.4,4100,0
MOV,D,20190916,000000,37.5,38.7,36.6,37.6,10611,0
MOV,D,20190917,000000,39.8,39.9,38.4,39.4,3669,0
MOV,D,20190918,000000,39.4,39.4,38.3,39.2,1909,0
MOV,D,20190919,000000,40,40,38,38.9,1176,0
MOV,D,20190920,000000,38.9,39.6,37.6,38.7,1848,0
MOV,D,20190923,000000,38.8,39,38,38.5,3399,0
MOV,D,20190924,000000,39,39,37,38.6,1264,0
MOV,D,20190925,000000,39.3,39.5,38.5,39.4,1026,0
MOV,D,20190926,000000,38.9,39.5,38.5,38.5,435,0
MOV,D,20190927,000000,38.5,38.5,36.2,37.2,4116,0
MOV,D,20190930,000000,37.2,37.2,34.5,35.9,3715,0
MOV,D,20191001,000000,36,37.6,35.5,36.8,1952,0
MOV,D,20191002,000000,35.7,35.9,33.5,34.7,3900,0
MOV,D,20191003,000000,36,36,33.4,34.5,2003,0
MOV,D,20191004,000000,34.5,34.5,33.2,33.6,1539,0
MOV,D,20191007,000000,34,34,32.9,33.5,2948,0
MOV,D,20191008,000000,34.5,34.5,33.3,34,3076,0
MOV,D,20191009,000000,34.7,34.7,32.3,33.5,5738,0
MOV,D,20191010,000000,33.2,33.7,32.1,33.7,2177,0
MOV,D,20191011,000000,33.7,35,33.7,35,837,0
MOV,D,20191014,000000,36,36,32.8,34.9,2270,0
MOV,D,20191015,000000,34.9,37,34.9,35.6,3509,0
MOV,D,20191016,000000,35,35.1,33.6,34.7,2522,0
MOV,D,20191017,000000,34,35,33,33.5,2688,0
MOV,D,20191018,000000,31.5,31.5,27.6,29.9,10806,0
MOV,D,20191021,000000,29,31.5,29,30.9,9786,0
MOV,D,20191022,000000,30.1,32.4,30.1,31.5,5642,0
MOV,D,20191023,000000,31.4,32.7,31.4,32.7,2123,0
MOV,D,20191024,000000,33,33,30.5,31.8,2143,0
MOV,D,20191025,000000,30.1,31.1,29.4,30.8,3374,0
MOV,D,20191028,000000,30.8,30.8,29.2,30,2939,0
MOV,D,20191029,000000,29.8,29.8,28.1,29,4591,0
MOV,D,20191030,000000,29.4,29.4,27,27.8,3111,0
MOV,D,20191031,000000,27.6,27.6,26.3,27,2733,0
MOV,D,20191104,000000,26.5,27.8,26.1,27.8,2737,0
MOV,D,20191105,000000,27.8,30,27.8,29.6,3847,0
MOV,D,20191106,000000,30.1,30.2,28.1,29.5,3612,0
MOV,D,20191107,000000,29.5,29.5,28.7,29,227,0
MOV,D,20191108,000000,28.7,29,28.7,29,262,0
MOV,D,20191112,000000,29,29.6,27.7,28.8,626,0
MOV,D,20191113,000000,29,29,27.7,29,1287,0
MOV,D,20191114,000000,29,29.9,29,29.9,372,0
MOV,D,20191115,000000,29.9,29.9,29.9,29.9,50,0
MOV,D,20191118,000000,29.9,29.9,28.8,29.9,279,0
MOV,D,20191119,000000,29.7,29.7,27.5,29.3,1481,0
MOV,D,20191120,000000,29.3,30,28.3,29.1,1055,0
MOV,D,20191121,000000,29,29.5,28.2,29,1062,0
MOV,D,20191122,000000,28.1,28.9,28.1,28.9,678,0
MOV,D,20191125,000000,28.5,29,27.7,28.5,712,0
MOV,D,20191126,000000,28,28.7,28,28.5,355,0
MOV,D,20191127,000000,28.1,29,28.1,28.9,366,0
MOV,D,20191128,000000,28.9,28.9,28.9,28.9,16,0
MOV,D,20191129,000000,28.9,29,28.3,29,215,0
MOV,D,20191202,000000,29,29,28.3,29,152,0
MOV,D,20191203,000000,29,31.4,29,30.9,2915,0
MOV,D,20191204,000000,30.2,31.6,29.6,30,2170,0
MOV,D,20191205,000000,29.4,30,28,29.4,4268,0
MOV,D,20191206,000000,28.6,29.5,28.6,29.5,578,0
MOV,D,20191209,000000,29.8,29.9,28.7,28.7,651,0
MOV,D,20191210,000000,28.9,30,28.9,30,933,0
MOV,D,20191211,000000,30,30,28.7,29.4,2670,0
MOV,D,20191212,000000,30,30,28.5,29.3,7052,0
MOV,D,20191213,000000,29.7,30.2,28.9,29.5,6798,0
MOV,D,20191216,000000,29.5,29.5,28.7,29.2,1871,0
MOV,D,20191217,000000,29.5,29.9,29.4,29.6,1413,0
MOV,D,20191218,000000,29,29.2,28.8,29.2,4627,0
MOV,D,20191219,000000,29,30,29,29.8,2201,0
MOV,D,20191220,000000,29.2,29.5,29,29.3,2506,0
MOV,D,20191223,000000,28.9,29.5,28.9,29.5,1705,0
MOV,D,20191227,000000,30.4,31.1,29.2,31,1516,0
MOV,D,20191230,000000,31,33.6,30.6,33.2,3865,0
MOV,D,20200102,000000,33.6,34.8,32.1,34.2,2455,0
MOV,D,20200103,000000,34.2,34.4,33,34,1312,0
MOV,D,20200107,000000,33.8,33.8,31.4,33.5,3345,0
MOV,D,20200108,000000,32.8,33.1,31.6,32.9,4126,0
MOV,D,20200109,000000,32.4,35,32.2,35,6540,0
MOV,D,20200110,000000,34.9,36.5,34,35,8207,0
MOV,D,20200113,000000,35.4,35.4,34.3,35,4201,0
MOV,D,20200114,000000,34.9,34.9,33,34,7022,0
MOV,D,20200115,000000,33.3,33.5,33,33.5,3638,0
MOV,D,20200116,000000,35,35,33,33.3,5457,0
MOV,D,20200117,000000,33.9,33.9,32,33,1865,0
MOV,D,20200120,000000,32.2,32.8,31.6,32.4,3156,0
MOV,D,20200121,000000,32.8,32.8,31.5,32.1,4936,0
MOV,D,20200122,000000,32,32,30.7,31.7,6091,0
MOV,D,20200123,000000,31.5,32,30.2,30.5,3921,0
MOV,D,20200124,000000,30.9,31.7,30,31,3363,0
MOV,D,20200127,000000,30.5,30.8,30.2,30.7,2072,0
MOV,D,20200128,000000,30.6,30.7,30.4,30.5,2461,0
MOV,D,20200129,000000,30.5,30.9,29.2,30.9,5160,0
MOV,D,20200130,000000,31,31,29.6,30.7,1365,0
MOV,D,20200131,000000,30.7,30.7,29.4,30,7280,0
MOV,D,20200203,000000,30.5,31.4,30,31.3,5335,0
MOV,D,20200204,000000,30.7,32.5,30.7,32,7091,0
MOV,D,20200205,000000,32.5,33.9,32.1,33.7,18122,0
MOV,D,20200206,000000,33.6,33.6,33,33.6,6496,0
MOV,D,20200207,000000,33.6,33.6,32.4,33.4,2267,0
MOV,D,20200210,000000,33.4,33.7,32,33.5,4697,0
MOV,D,20200211,000000,33.5,34.3,33.3,34.3,5637,0
MOV,D,20200212,000000,34.4,34.4,33.6,34,2151,0
MOV,D,20200213,000000,34,34.2,33.5,34.1,2772,0
MOV,D,20200214,000000,33.6,34.1,33.5,34.1,5606,0
MOV,D,20200217,000000,34.4,36.8,34,36,25547,0
MOV,D,20200218,000000,35.9,36.8,35.2,36.5,8912,0
MOV,D,20200219,000000,37,37.8,36.5,37.6,13211,0
MOV,D,20200220,000000,38.1,38.1,36.9,37.3,10916,0
MOV,D,20200221,000000,37.5,37.5,36.5,36.9,6351,0
MOV,D,20200224,000000,36.6,36.6,34.3,35.1,10326,0
MOV,D,20200225,000000,35.3,35.3,30.6,33,20346,0
MOV,D,20200226,000000,31.3,34.5,30.8,34.4,6629,0
MOV,D,20200227,000000,33.5,34.2,31.5,32,10178,0
MOV,D,20200228,000000,30.5,31.2,26.2,27.8,17638,0
MOV,D,20200302,000000,30.6,30.6,28,30,12370,0
MOV,D,20200303,000000,31,31.7,28.9,31.5,12853,0
MOV,D,20200304,000000,30.8,31.2,29.5,31.2,2132,0
MOV,D,20200305,000000,31.2,32,29.2,29.8,7667,0
MOV,D,20200306,000000,28.9,29.4,28.3,29.2,4430,0
MOV,D,20200309,000000,27.4,27.9,22.1,26.2,16385,0
MOV,D,20200310,000000,26.2,27.3,25.3,26.7,5098,0
MOV,D,20200311,000000,26.9,26.9,22.4,23.8,8357,0
MOV,D,20200312,000000,21,21,16.8,16.8,19033,0
MOV,D,20200313,000000,18,21,17.5,18.9,18515,0
MOV,D,20200316,000000,18.2,21.6,15.4,21.5,14618,0
MOV,D,20200317,000000,22.1,24.9,21.5,24.1,12213,0
MOV,D,20200318,000000,24.1,25.6,22,24.5,8535,0
MOV,D,20200319,000000,24.8,27,24.4,26.8,6044,0
MOV,D,20200320,000000,27.2,28.5,26,26.9,11982,0
MOV,D,20200323,000000,24.5,25.6,20,24.9,11865,0
MOV,D,20200324,000000,26,26.5,24.7,26.5,3980,0
MOV,D,20200325,000000,29,30.4,26.7,28,15161,0
MOV,D,20200326,000000,27.9,29.7,27.6,29.6,4138,0
MOV,D,20200327,000000,30.3,30.5,27.5,28.7,4429,0
MOV,D,20200330,000000,27.2,28.8,27,27.3,2621,0
MOV,D,20200331,000000,27.3,28.9,27.3,28.8,10380,0
MOV,D,20200401,000000,27.1,29.6,27,29.5,5025,0
MOV,D,20200402,000000,29.6,29.7,28.5,29.6,7077,0
MOV,D,20200403,000000,29.6,32.9,29.6,32.9,12081,0
MOV,D,20200406,000000,34.3,37.4,34.2,36,23351,0
MOV,D,20200407,000000,37.9,38.6,33,33.1,23654,0
MOV,D,20200408,000000,34.2,37,34.2,36.9,8038,0
MOV,D,20200409,000000,37.1,40.5,37.1,40.4,44301,0
MOV,D,20200414,000000,42.9,49,42.5,49,77333,0
MOV,D,20200415,000000,49.8,51.8,43.8,48,35176,0
MOV,D,20200416,000000,49.2,53.6,47.5,53.6,38567,0
MOV,D,20200417,000000,65,71,59,66,117042,0
MOV,D,20200420,000000,67.6,67.8,56.8,60,121414,0
MOV,D,20200421,000000,60,60.6,53.6,56.8,46191,0
MOV,D,20200422,000000,57.2,65,56,63,51803,0
MOV,D,20200423,000000,63,65,60.4,61,29553,0
MOV,D,20200424,000000,60.2,60.2,55,59,29855,0
MOV,D,20200427,000000,58.8,59.4,56.4,58,30863,0
MOV,D,20200428,000000,60,60.4,57,58,18341,0
MOV,D,20200429,000000,58,58.2,54.6,57.8,12141,0
MOV,D,20200430,000000,57.2,57.6,55.8,57.6,8378,0
MOV,D,20200504,000000,57.8,60,55,58.6,17750,0
MOV,D,20200505,000000,58.8,59.4,57,58,7536,0
MOV,D,20200506,000000,58,58.4,55.2,56.2,8612,0
MOV,D,20200507,000000,58,63.2,56.2,63.2,21136,0
MOV,D,20200508,000000,64.2,65,60.6,61.8,13344,0
MOV,D,20200511,000000,62,65,62,63.2,8117,0
MOV,D,20200512,000000,63.6,64,61.6,63.4,6864,0
MOV,D,20200513,000000,63.2,63.8,61,62.8,2669,0
MOV,D,20200514,000000,63,63,56,58.6,14531,0
MOV,D,20200515,000000,59,61.8,59,60,4952,0
MOV,D,20200518,000000,59.8,61,57.4,60.4,9788,0
MOV,D,20200519,000000,62.8,62.8,59.8,60.2,3007,0
MOV,D,20200520,000000,59,63,58,61,15343,0
MOV,D,20200521,000000,62,62.2,60.6,62,7193,0
MOV,D,20200522,000000,61.8,63,61,63,15614,0
MOV,D,20200525,000000,63,63.6,62,63.4,16572,0
MOV,D,20200526,000000,63.6,70.6,63.2,69.6,42719,0
MOV,D,20200527,000000,70.8,74.4,66.2,69,41200,0
MOV,D,20200528,000000,69.8,71.8,67.4,71.8,15361,0
MOV,D,20200529,000000,72,72.8,70,71.4,2494,0
MOV,D,20200601,000000,71.4,71.8,70,71,4162,0
MOV,D,20200602,000000,71,74,69.2,71,11920,0
MOV,D,20200603,000000,71.8,71.8,69.8,70.8,7515,0
MOV,D,20200604,000000,71.6,71.6,70.4,70.8,4712,0
MOV,D,20200605,000000,70.6,70.6,67,70.6,9729,0
MOV,D,20200608,000000,70.4,70.4,68.6,69.6,7957,0
MOV,D,20200609,000000,69,70.4,68.2,70.2,9101,0
MOV,D,20200610,000000,70,81.2,69.4,80,18742,0
MOV,D,20200612,000000,75.6,89.8,75.6,89,28468,0
MOV,D,20200615,000000,90,92.4,81.8,86.8,13810,0
MOV,D,20200616,000000,87,88.8,84,87.4,10663,0
MOV,D,20200617,000000,87.2,89.6,85,88,5965,0
MOV,D,20200618,000000,88.2,88.2,84.4,87.2,16316,0
MOV,D,20200619,000000,86,87.4,84,84,8517,0
MOV,D,20200622,000000,85,87.8,84.2,87,7177,0
MOV,D,20200623,000000,88.2,93.4,84,91,19249,0
MOV,D,20200624,000000,92,98.8,89,97.2,15800,0
MOV,D,20200625,000000,96.8,103.5,95,100,15993,0
MOV,D,20200626,000000,103,105,96,97,11827,0
MOV,D,20200629,000000,95,100,93.2,99.8,8117,0
MOV,D,20200630,000000,100.5,100.5,95,96,6657,0
MOV,D,20200701,000000,97,98.4,95,98.4,2839,0
MOV,D,20200702,000000,97.2,104,97,102,8529,0
MOV,D,20200703,000000,103,104,99,101.5,4639,0
MOV,D,20200706,000000,101.5,105.5,97,103,10720,0
MOV,D,20200707,000000,105,105.5,100,103,5400,0
MOV,D,20200708,000000,102,104,101,104,5119,0
MOV,D,20200709,000000,105,105.5,101,105,5538,0
MOV,D,20200710,000000,105,105,101,105,3669,0
MOV,D,20200713,000000,105,123,105,123,18478,0
MOV,D,20200714,000000,124,129,115,116,13917,0
MOV,D,20200715,000000,119,123.5,115,120,7580,0
MOV,D,20200716,000000,121.5,126,116.5,119.5,8347,0
MOV,D,20200717,000000,120,120,116,119.5,5478,0
MOV,D,20200720,000000,120,120,111,115,17311,0
MOV,D,20200721,000000,115,117,106,116,16501,0
MOV,D,20200722,000000,118,119,112.5,117.5,4352,0
MOV,D,20200723,000000,115.5,125,113.5,118,10030,0
MOV,D,20200724,000000,117,120,113,117,8157,0
MOV,D,20200727,000000,114.5,117,113.5,115,7679,0
MOV,D,20200728,000000,113.5,114,109,109.5,12941,0
MOV,D,20200729,000000,109.5,117.5,105.5,115.5,12732,0
MOV,D,20200730,000000,118,120,95,100,27675,0
MOV,D,20200731,000000,100.5,110.5,100.5,109,16379,0
MOV,D,20200803,000000,110.5,119.5,110.5,118.5,11926,0
MOV,D,20200804,000000,122,137,120,136,26887,0
MOV,D,20200805,000000,137,137,114,120,27288,0
MOV,D,20200806,000000,123.5,148,118.5,138,49625,0
MOV,D,20200807,000000,146,146.5,121,136,55101,0
MOV,D,20200810,000000,137.5,137.5,126.5,131,10104,0
MOV,D,20200811,000000,131.5,131.5,125,127,10634,0
MOV,D,20200812,000000,128,128,103,115.5,15654,0
MOV,D,20200813,000000,112.5,124,109,121,6838,0
MOV,D,20200814,000000,122.5,123,117,118,4537,0
MOV,D,20200817,000000,116,126,114,125,9303,0
MOV,D,20200818,000000,127,131,125,126.5,7327,0
MOV,D,20200819,000000,129,136.5,127,134.5,10854,0
MOV,D,20200820,000000,134,150,130,139.5,30896,0
MOV,D,20200821,000000,143,148.5,138,140,12112,0
MOV,D,20200824,000000,143,143,133,135,5538,0
MOV,D,20200825,000000,136,146,133,134,13767,0
MOV,D,20200826,000000,134.5,145,134.5,136.5,26854,0
MOV,D,20200827,000000,138.5,141,136.5,138,4357,0
MOV,D,20200828,000000,137,138,133.5,138,3124,0
MOV,D,20200831,000000,139,139,134,134.5,3419,0
MOV,D,20200901,000000,134,137.5,127,133,6799,0
MOV,D,20200902,000000,133,134.5,122,131,3963,0
MOV,D,20200903,000000,130,131,126,126,3140,0
MOV,D,20200904,000000,121,128,116,122,5310,0
MOV,D,20200907,000000,121.5,127,112,118.5,6983,0
MOV,D,20200908,000000,117,120,100,113,20777,0
MOV,D,20200909,000000,112,118.5,104,115.5,5738,0
MOV,D,20200910,000000,117,121,109.5,117.5,6411,0
MOV,D,20200911,000000,115,117.5,113.5,116,2543,0
MOV,D,20200914,000000,113.5,116.5,112,115.5,3774,0
MOV,D,20200915,000000,113,116.5,107,114,6035,0
MOV,D,20200916,000000,114.5,114.5,110,111.5,1392,0
MOV,D,20200917,000000,110,111,103.5,110,8682,0
MOV,D,20200918,000000,110,114.5,107.5,112.5,3275,0
MOV,D,20200921,000000,114,114.5,107,110,3094,0
MOV,D,20200922,000000,110,114,107.5,111.5,3654,0
MOV,D,20200923,000000,110,112.5,105.5,109,3313,0
MOV,D,20200924,000000,109,109,100.5,104,5289,0
